{
 "cells": [
  {
   "cell_type": "code",
   "execution_count": 4,
   "metadata": {
    "collapsed": true
   },
   "outputs": [],
   "source": [
    "library(snpStats)\n",
    "library(TCA)\n",
    "library(pracma)\n",
    "library(matrixcalc)\n",
    "library(Smisc)\n",
    "library(stats)"
   ]
  },
  {
   "cell_type": "code",
   "execution_count": 7,
   "metadata": {},
   "outputs": [
    {
     "name": "stderr",
     "output_type": "stream",
     "text": [
      "Warning message in .local(x, i, j, ..., drop):\n",
      "“Output  SnpMatrix has more than 2^31-1 elements. Many functions do not support such objects”"
     ]
    }
   ],
   "source": [
    "snp_path1 = '/u/project/sriram/bjew/dutch/GenomTranscriptomTwinsMD_c1'\n",
    "# snp_path = '/u/home/q/qmaai/project-sriram/tca-twas/data/original_data_copy/plink'\n",
    "snp_path = '/u/home/q/qmaai/project-sriram/tca-twas/data/pruned_data/dutch_filted_individual_ld_pruned'\n",
    "read_snp <- function(snp_path,select.snps){\n",
    "    snps = read.plink(snp_path)\n",
    "    wrong_snps = rownames(snps$map[snps$map$chromosome>23,])\n",
    "    snps$genotypes = snps$genotypes[,!(colnames(snps$genotypes) %in% wrong_snps)]\n",
    "    #snps$genotype = apply(snps$genotype,2,as.integer)\n",
    "    snps$map = snps$map[snps$map$chromosome<24,]\n",
    "    return(snps)\n",
    "}\n",
    "snps = read_snp(snp_path)\n",
    "snps1_ = read_snp(snp_path1)"
   ]
  },
  {
   "cell_type": "code",
   "execution_count": 22,
   "metadata": {},
   "outputs": [
    {
     "data": {
      "text/html": [
       "<ol class=list-inline>\n",
       "\t<li>5061</li>\n",
       "\t<li>801501</li>\n",
       "</ol>\n"
      ],
      "text/latex": [
       "\\begin{enumerate*}\n",
       "\\item 5061\n",
       "\\item 801501\n",
       "\\end{enumerate*}\n"
      ],
      "text/markdown": [
       "1. 5061\n",
       "2. 801501\n",
       "\n",
       "\n"
      ],
      "text/plain": [
       "[1]   5061 801501"
      ]
     },
     "metadata": {},
     "output_type": "display_data"
    },
    {
     "data": {
      "text/html": [
       "<ol class=list-inline>\n",
       "\t<li>1464</li>\n",
       "\t<li>319354</li>\n",
       "</ol>\n"
      ],
      "text/latex": [
       "\\begin{enumerate*}\n",
       "\\item 1464\n",
       "\\item 319354\n",
       "\\end{enumerate*}\n"
      ],
      "text/markdown": [
       "1. 1464\n",
       "2. 319354\n",
       "\n",
       "\n"
      ],
      "text/plain": [
       "[1]   1464 319354"
      ]
     },
     "metadata": {},
     "output_type": "display_data"
    },
    {
     "data": {
      "text/html": [
       "<ol class=list-inline>\n",
       "\t<li>1464</li>\n",
       "\t<li>5</li>\n",
       "</ol>\n"
      ],
      "text/latex": [
       "\\begin{enumerate*}\n",
       "\\item 1464\n",
       "\\item 5\n",
       "\\end{enumerate*}\n"
      ],
      "text/markdown": [
       "1. 1464\n",
       "2. 5\n",
       "\n",
       "\n"
      ],
      "text/plain": [
       "[1] 1464    5"
      ]
     },
     "metadata": {},
     "output_type": "display_data"
    },
    {
     "data": {
      "text/html": [
       "<ol class=list-inline>\n",
       "\t<li>10201</li>\n",
       "\t<li>3</li>\n",
       "</ol>\n"
      ],
      "text/latex": [
       "\\begin{enumerate*}\n",
       "\\item 10201\n",
       "\\item 3\n",
       "\\end{enumerate*}\n"
      ],
      "text/markdown": [
       "1. 10201\n",
       "2. 3\n",
       "\n",
       "\n"
      ],
      "text/plain": [
       "[1] 10201     3"
      ]
     },
     "metadata": {},
     "output_type": "display_data"
    },
    {
     "data": {
      "text/html": [
       "<ol class=list-inline>\n",
       "\t<li>10201</li>\n",
       "\t<li>1464</li>\n",
       "</ol>\n"
      ],
      "text/latex": [
       "\\begin{enumerate*}\n",
       "\\item 10201\n",
       "\\item 1464\n",
       "\\end{enumerate*}\n"
      ],
      "text/markdown": [
       "1. 10201\n",
       "2. 1464\n",
       "\n",
       "\n"
      ],
      "text/plain": [
       "[1] 10201  1464"
      ]
     },
     "metadata": {},
     "output_type": "display_data"
    }
   ],
   "source": [
    "dim(snps1_$genotype)\n",
    "dim(snps$genotype)\n",
    "dim(prop)\n",
    "dim(geno_locs)\n",
    "dim(ge)"
   ]
  },
  {
   "cell_type": "code",
   "execution_count": 23,
   "metadata": {
    "collapsed": true
   },
   "outputs": [
    {
     "data": {
      "text/html": [
       "<table>\n",
       "<caption>A data.frame: 1464 × 5</caption>\n",
       "<thead>\n",
       "\t<tr><th></th><th scope=col>neutn</th><th scope=col>lympn</th><th scope=col>monon</th><th scope=col>eosn</th><th scope=col>bason</th></tr>\n",
       "\t<tr><th></th><th scope=col>&lt;dbl&gt;</th><th scope=col>&lt;dbl&gt;</th><th scope=col>&lt;dbl&gt;</th><th scope=col>&lt;dbl&gt;</th><th scope=col>&lt;dbl&gt;</th></tr>\n",
       "</thead>\n",
       "<tbody>\n",
       "\t<tr><th scope=row>51143</th><td>0.5858586</td><td>0.3030303</td><td>0.06060606</td><td>0.04040404</td><td>0.01010101</td></tr>\n",
       "\t<tr><th scope=row>51146</th><td>0.7700000</td><td>0.1300000</td><td>0.09000000</td><td>0.01000000</td><td>0.00000000</td></tr>\n",
       "\t<tr><th scope=row>51150</th><td>0.4200000</td><td>0.4400000</td><td>0.10000000</td><td>0.03000000</td><td>0.01000000</td></tr>\n",
       "\t<tr><th scope=row>51160</th><td>0.6200000</td><td>0.2200000</td><td>0.11000000</td><td>0.04000000</td><td>0.01000000</td></tr>\n",
       "\t<tr><th scope=row>51163</th><td>0.4700000</td><td>0.3900000</td><td>0.11000000</td><td>0.03000000</td><td>0.00000000</td></tr>\n",
       "\t<tr><th scope=row>51167</th><td>0.6200000</td><td>0.2700000</td><td>0.08000000</td><td>0.02000000</td><td>0.01000000</td></tr>\n",
       "\t<tr><th scope=row>51169</th><td>0.4700000</td><td>0.4200000</td><td>0.07000000</td><td>0.03000000</td><td>0.01000000</td></tr>\n",
       "\t<tr><th scope=row>51170</th><td>0.4554455</td><td>0.4257426</td><td>0.06930693</td><td>0.03960396</td><td>0.00990099</td></tr>\n",
       "\t<tr><th scope=row>51172</th><td>0.5500000</td><td>0.3100000</td><td>0.09000000</td><td>0.05000000</td><td>0.00000000</td></tr>\n",
       "\t<tr><th scope=row>51173</th><td>0.5600000</td><td>0.3100000</td><td>0.09000000</td><td>0.03000000</td><td>0.01000000</td></tr>\n",
       "\t<tr><th scope=row>51180</th><td>0.5000000</td><td>0.3500000</td><td>0.10000000</td><td>0.05000000</td><td>0.00000000</td></tr>\n",
       "\t<tr><th scope=row>51183</th><td>0.5100000</td><td>0.3700000</td><td>0.09000000</td><td>0.03000000</td><td>0.00000000</td></tr>\n",
       "\t<tr><th scope=row>51186</th><td>0.4000000</td><td>0.5000000</td><td>0.06000000</td><td>0.03000000</td><td>0.01000000</td></tr>\n",
       "\t<tr><th scope=row>51192</th><td>0.5000000</td><td>0.4000000</td><td>0.07000000</td><td>0.02000000</td><td>0.01000000</td></tr>\n",
       "\t<tr><th scope=row>51195</th><td>0.4646465</td><td>0.3939394</td><td>0.09090909</td><td>0.05050505</td><td>0.00000000</td></tr>\n",
       "\t<tr><th scope=row>51198</th><td>0.6500000</td><td>0.2600000</td><td>0.06000000</td><td>0.02000000</td><td>0.01000000</td></tr>\n",
       "\t<tr><th scope=row>51201</th><td>0.5656566</td><td>0.3535354</td><td>0.05050505</td><td>0.03030303</td><td>0.00000000</td></tr>\n",
       "\t<tr><th scope=row>51202</th><td>0.4257426</td><td>0.4455446</td><td>0.08910891</td><td>0.02970297</td><td>0.00990099</td></tr>\n",
       "\t<tr><th scope=row>51204</th><td>0.4600000</td><td>0.4400000</td><td>0.08000000</td><td>0.01000000</td><td>0.01000000</td></tr>\n",
       "\t<tr><th scope=row>51209</th><td>0.5000000</td><td>0.3700000</td><td>0.10000000</td><td>0.03000000</td><td>0.00000000</td></tr>\n",
       "\t<tr><th scope=row>51210</th><td>0.4100000</td><td>0.4900000</td><td>0.07000000</td><td>0.02000000</td><td>0.01000000</td></tr>\n",
       "\t<tr><th scope=row>51217</th><td>0.5100000</td><td>0.4000000</td><td>0.06000000</td><td>0.03000000</td><td>0.00000000</td></tr>\n",
       "\t<tr><th scope=row>51222</th><td>0.5050505</td><td>0.3636364</td><td>0.09090909</td><td>0.03030303</td><td>0.01010101</td></tr>\n",
       "\t<tr><th scope=row>51230</th><td>0.6200000</td><td>0.2900000</td><td>0.06000000</td><td>0.02000000</td><td>0.01000000</td></tr>\n",
       "\t<tr><th scope=row>51236</th><td>0.4900000</td><td>0.3600000</td><td>0.09000000</td><td>0.05000000</td><td>0.01000000</td></tr>\n",
       "\t<tr><th scope=row>51239</th><td>0.6100000</td><td>0.2600000</td><td>0.08000000</td><td>0.04000000</td><td>0.01000000</td></tr>\n",
       "\t<tr><th scope=row>51254</th><td>0.6060606</td><td>0.2929293</td><td>0.08080808</td><td>0.02020202</td><td>0.00000000</td></tr>\n",
       "\t<tr><th scope=row>51274</th><td>0.4851485</td><td>0.3663366</td><td>0.08910891</td><td>0.03960396</td><td>0.01980198</td></tr>\n",
       "\t<tr><th scope=row>51278</th><td>0.5247525</td><td>0.3564356</td><td>0.07920792</td><td>0.02970297</td><td>0.00990099</td></tr>\n",
       "\t<tr><th scope=row>51282</th><td>0.6138614</td><td>0.2574257</td><td>0.07920792</td><td>0.03960396</td><td>0.00990099</td></tr>\n",
       "\t<tr><th scope=row>⋮</th><td>⋮</td><td>⋮</td><td>⋮</td><td>⋮</td><td>⋮</td></tr>\n",
       "\t<tr><th scope=row>83317</th><td>0.6428571</td><td>0.2571429</td><td>0.07142857</td><td>0.02857143</td><td>0.00000000</td></tr>\n",
       "\t<tr><th scope=row>83320</th><td>0.5000000</td><td>0.3076923</td><td>0.09615385</td><td>0.01923077</td><td>0.07692308</td></tr>\n",
       "\t<tr><th scope=row>83323</th><td>0.5161290</td><td>0.3548387</td><td>0.06451613</td><td>0.06451613</td><td>0.00000000</td></tr>\n",
       "\t<tr><th scope=row>83324</th><td>0.5113636</td><td>0.3977273</td><td>0.05681818</td><td>0.02272727</td><td>0.01136364</td></tr>\n",
       "\t<tr><th scope=row>83327</th><td>0.6288660</td><td>0.2783505</td><td>0.07216495</td><td>0.02061856</td><td>0.00000000</td></tr>\n",
       "\t<tr><th scope=row>83328</th><td>0.5303030</td><td>0.3484848</td><td>0.09090909</td><td>0.03030303</td><td>0.00000000</td></tr>\n",
       "\t<tr><th scope=row>83330</th><td>0.5573770</td><td>0.2786885</td><td>0.09836066</td><td>0.03278689</td><td>0.03278689</td></tr>\n",
       "\t<tr><th scope=row>83333</th><td>0.3518519</td><td>0.4629630</td><td>0.12962963</td><td>0.05555556</td><td>0.00000000</td></tr>\n",
       "\t<tr><th scope=row>83335</th><td>0.3888889</td><td>0.4861111</td><td>0.08333333</td><td>0.04166667</td><td>0.00000000</td></tr>\n",
       "\t<tr><th scope=row>83337</th><td>0.4897959</td><td>0.4081633</td><td>0.08163265</td><td>0.02040816</td><td>0.00000000</td></tr>\n",
       "\t<tr><th scope=row>83339</th><td>0.5466667</td><td>0.2933333</td><td>0.05333333</td><td>0.10666667</td><td>0.00000000</td></tr>\n",
       "\t<tr><th scope=row>83341</th><td>0.4561404</td><td>0.3859649</td><td>0.05263158</td><td>0.05263158</td><td>0.05263158</td></tr>\n",
       "\t<tr><th scope=row>83343</th><td>0.4833333</td><td>0.3666667</td><td>0.10000000</td><td>0.05000000</td><td>0.00000000</td></tr>\n",
       "\t<tr><th scope=row>83345</th><td>0.5500000</td><td>0.3166667</td><td>0.10000000</td><td>0.03333333</td><td>0.00000000</td></tr>\n",
       "\t<tr><th scope=row>83347</th><td>0.5192308</td><td>0.3653846</td><td>0.09615385</td><td>0.01923077</td><td>0.00000000</td></tr>\n",
       "\t<tr><th scope=row>83349</th><td>0.5098039</td><td>0.3529412</td><td>0.09803922</td><td>0.03921569</td><td>0.00000000</td></tr>\n",
       "\t<tr><th scope=row>83351</th><td>0.6093750</td><td>0.2968750</td><td>0.09375000</td><td>0.00000000</td><td>0.00000000</td></tr>\n",
       "\t<tr><th scope=row>83353</th><td>0.4464286</td><td>0.4107143</td><td>0.08928571</td><td>0.03571429</td><td>0.01785714</td></tr>\n",
       "\t<tr><th scope=row>83356</th><td>0.5492958</td><td>0.3098592</td><td>0.08450704</td><td>0.05633803</td><td>0.00000000</td></tr>\n",
       "\t<tr><th scope=row>83358</th><td>0.3866667</td><td>0.4800000</td><td>0.10666667</td><td>0.02666667</td><td>0.00000000</td></tr>\n",
       "\t<tr><th scope=row>83361</th><td>0.3225806</td><td>0.4838710</td><td>0.12903226</td><td>0.06451613</td><td>0.00000000</td></tr>\n",
       "\t<tr><th scope=row>83362</th><td>0.4457831</td><td>0.4096386</td><td>0.09638554</td><td>0.03614458</td><td>0.01204819</td></tr>\n",
       "\t<tr><th scope=row>83365</th><td>0.6597938</td><td>0.2680412</td><td>0.05154639</td><td>0.02061856</td><td>0.00000000</td></tr>\n",
       "\t<tr><th scope=row>83367</th><td>0.6153846</td><td>0.2692308</td><td>0.05769231</td><td>0.01923077</td><td>0.03846154</td></tr>\n",
       "\t<tr><th scope=row>83369</th><td>0.6136364</td><td>0.2500000</td><td>0.10227273</td><td>0.03409091</td><td>0.00000000</td></tr>\n",
       "\t<tr><th scope=row>83372</th><td>0.4651163</td><td>0.3488372</td><td>0.09302326</td><td>0.06976744</td><td>0.02325581</td></tr>\n",
       "\t<tr><th scope=row>83374</th><td>0.5111111</td><td>0.3555556</td><td>0.08888889</td><td>0.04444444</td><td>0.00000000</td></tr>\n",
       "\t<tr><th scope=row>83377</th><td>0.5645161</td><td>0.3225806</td><td>0.08064516</td><td>0.03225806</td><td>0.00000000</td></tr>\n",
       "\t<tr><th scope=row>83381</th><td>0.6060606</td><td>0.2878788</td><td>0.09090909</td><td>0.01515152</td><td>0.00000000</td></tr>\n",
       "\t<tr><th scope=row>83386</th><td>0.5000000</td><td>0.3714286</td><td>0.10000000</td><td>0.02857143</td><td>0.00000000</td></tr>\n",
       "</tbody>\n",
       "</table>\n"
      ],
      "text/latex": [
       "A data.frame: 1464 × 5\n",
       "\\begin{tabular}{r|lllll}\n",
       "  & neutn & lympn & monon & eosn & bason\\\\\n",
       "  & <dbl> & <dbl> & <dbl> & <dbl> & <dbl>\\\\\n",
       "\\hline\n",
       "\t51143 & 0.5858586 & 0.3030303 & 0.06060606 & 0.04040404 & 0.01010101\\\\\n",
       "\t51146 & 0.7700000 & 0.1300000 & 0.09000000 & 0.01000000 & 0.00000000\\\\\n",
       "\t51150 & 0.4200000 & 0.4400000 & 0.10000000 & 0.03000000 & 0.01000000\\\\\n",
       "\t51160 & 0.6200000 & 0.2200000 & 0.11000000 & 0.04000000 & 0.01000000\\\\\n",
       "\t51163 & 0.4700000 & 0.3900000 & 0.11000000 & 0.03000000 & 0.00000000\\\\\n",
       "\t51167 & 0.6200000 & 0.2700000 & 0.08000000 & 0.02000000 & 0.01000000\\\\\n",
       "\t51169 & 0.4700000 & 0.4200000 & 0.07000000 & 0.03000000 & 0.01000000\\\\\n",
       "\t51170 & 0.4554455 & 0.4257426 & 0.06930693 & 0.03960396 & 0.00990099\\\\\n",
       "\t51172 & 0.5500000 & 0.3100000 & 0.09000000 & 0.05000000 & 0.00000000\\\\\n",
       "\t51173 & 0.5600000 & 0.3100000 & 0.09000000 & 0.03000000 & 0.01000000\\\\\n",
       "\t51180 & 0.5000000 & 0.3500000 & 0.10000000 & 0.05000000 & 0.00000000\\\\\n",
       "\t51183 & 0.5100000 & 0.3700000 & 0.09000000 & 0.03000000 & 0.00000000\\\\\n",
       "\t51186 & 0.4000000 & 0.5000000 & 0.06000000 & 0.03000000 & 0.01000000\\\\\n",
       "\t51192 & 0.5000000 & 0.4000000 & 0.07000000 & 0.02000000 & 0.01000000\\\\\n",
       "\t51195 & 0.4646465 & 0.3939394 & 0.09090909 & 0.05050505 & 0.00000000\\\\\n",
       "\t51198 & 0.6500000 & 0.2600000 & 0.06000000 & 0.02000000 & 0.01000000\\\\\n",
       "\t51201 & 0.5656566 & 0.3535354 & 0.05050505 & 0.03030303 & 0.00000000\\\\\n",
       "\t51202 & 0.4257426 & 0.4455446 & 0.08910891 & 0.02970297 & 0.00990099\\\\\n",
       "\t51204 & 0.4600000 & 0.4400000 & 0.08000000 & 0.01000000 & 0.01000000\\\\\n",
       "\t51209 & 0.5000000 & 0.3700000 & 0.10000000 & 0.03000000 & 0.00000000\\\\\n",
       "\t51210 & 0.4100000 & 0.4900000 & 0.07000000 & 0.02000000 & 0.01000000\\\\\n",
       "\t51217 & 0.5100000 & 0.4000000 & 0.06000000 & 0.03000000 & 0.00000000\\\\\n",
       "\t51222 & 0.5050505 & 0.3636364 & 0.09090909 & 0.03030303 & 0.01010101\\\\\n",
       "\t51230 & 0.6200000 & 0.2900000 & 0.06000000 & 0.02000000 & 0.01000000\\\\\n",
       "\t51236 & 0.4900000 & 0.3600000 & 0.09000000 & 0.05000000 & 0.01000000\\\\\n",
       "\t51239 & 0.6100000 & 0.2600000 & 0.08000000 & 0.04000000 & 0.01000000\\\\\n",
       "\t51254 & 0.6060606 & 0.2929293 & 0.08080808 & 0.02020202 & 0.00000000\\\\\n",
       "\t51274 & 0.4851485 & 0.3663366 & 0.08910891 & 0.03960396 & 0.01980198\\\\\n",
       "\t51278 & 0.5247525 & 0.3564356 & 0.07920792 & 0.02970297 & 0.00990099\\\\\n",
       "\t51282 & 0.6138614 & 0.2574257 & 0.07920792 & 0.03960396 & 0.00990099\\\\\n",
       "\t⋮ & ⋮ & ⋮ & ⋮ & ⋮ & ⋮\\\\\n",
       "\t83317 & 0.6428571 & 0.2571429 & 0.07142857 & 0.02857143 & 0.00000000\\\\\n",
       "\t83320 & 0.5000000 & 0.3076923 & 0.09615385 & 0.01923077 & 0.07692308\\\\\n",
       "\t83323 & 0.5161290 & 0.3548387 & 0.06451613 & 0.06451613 & 0.00000000\\\\\n",
       "\t83324 & 0.5113636 & 0.3977273 & 0.05681818 & 0.02272727 & 0.01136364\\\\\n",
       "\t83327 & 0.6288660 & 0.2783505 & 0.07216495 & 0.02061856 & 0.00000000\\\\\n",
       "\t83328 & 0.5303030 & 0.3484848 & 0.09090909 & 0.03030303 & 0.00000000\\\\\n",
       "\t83330 & 0.5573770 & 0.2786885 & 0.09836066 & 0.03278689 & 0.03278689\\\\\n",
       "\t83333 & 0.3518519 & 0.4629630 & 0.12962963 & 0.05555556 & 0.00000000\\\\\n",
       "\t83335 & 0.3888889 & 0.4861111 & 0.08333333 & 0.04166667 & 0.00000000\\\\\n",
       "\t83337 & 0.4897959 & 0.4081633 & 0.08163265 & 0.02040816 & 0.00000000\\\\\n",
       "\t83339 & 0.5466667 & 0.2933333 & 0.05333333 & 0.10666667 & 0.00000000\\\\\n",
       "\t83341 & 0.4561404 & 0.3859649 & 0.05263158 & 0.05263158 & 0.05263158\\\\\n",
       "\t83343 & 0.4833333 & 0.3666667 & 0.10000000 & 0.05000000 & 0.00000000\\\\\n",
       "\t83345 & 0.5500000 & 0.3166667 & 0.10000000 & 0.03333333 & 0.00000000\\\\\n",
       "\t83347 & 0.5192308 & 0.3653846 & 0.09615385 & 0.01923077 & 0.00000000\\\\\n",
       "\t83349 & 0.5098039 & 0.3529412 & 0.09803922 & 0.03921569 & 0.00000000\\\\\n",
       "\t83351 & 0.6093750 & 0.2968750 & 0.09375000 & 0.00000000 & 0.00000000\\\\\n",
       "\t83353 & 0.4464286 & 0.4107143 & 0.08928571 & 0.03571429 & 0.01785714\\\\\n",
       "\t83356 & 0.5492958 & 0.3098592 & 0.08450704 & 0.05633803 & 0.00000000\\\\\n",
       "\t83358 & 0.3866667 & 0.4800000 & 0.10666667 & 0.02666667 & 0.00000000\\\\\n",
       "\t83361 & 0.3225806 & 0.4838710 & 0.12903226 & 0.06451613 & 0.00000000\\\\\n",
       "\t83362 & 0.4457831 & 0.4096386 & 0.09638554 & 0.03614458 & 0.01204819\\\\\n",
       "\t83365 & 0.6597938 & 0.2680412 & 0.05154639 & 0.02061856 & 0.00000000\\\\\n",
       "\t83367 & 0.6153846 & 0.2692308 & 0.05769231 & 0.01923077 & 0.03846154\\\\\n",
       "\t83369 & 0.6136364 & 0.2500000 & 0.10227273 & 0.03409091 & 0.00000000\\\\\n",
       "\t83372 & 0.4651163 & 0.3488372 & 0.09302326 & 0.06976744 & 0.02325581\\\\\n",
       "\t83374 & 0.5111111 & 0.3555556 & 0.08888889 & 0.04444444 & 0.00000000\\\\\n",
       "\t83377 & 0.5645161 & 0.3225806 & 0.08064516 & 0.03225806 & 0.00000000\\\\\n",
       "\t83381 & 0.6060606 & 0.2878788 & 0.09090909 & 0.01515152 & 0.00000000\\\\\n",
       "\t83386 & 0.5000000 & 0.3714286 & 0.10000000 & 0.02857143 & 0.00000000\\\\\n",
       "\\end{tabular}\n"
      ],
      "text/markdown": [
       "\n",
       "A data.frame: 1464 × 5\n",
       "\n",
       "| <!--/--> | neutn &lt;dbl&gt; | lympn &lt;dbl&gt; | monon &lt;dbl&gt; | eosn &lt;dbl&gt; | bason &lt;dbl&gt; |\n",
       "|---|---|---|---|---|---|\n",
       "| 51143 | 0.5858586 | 0.3030303 | 0.06060606 | 0.04040404 | 0.01010101 |\n",
       "| 51146 | 0.7700000 | 0.1300000 | 0.09000000 | 0.01000000 | 0.00000000 |\n",
       "| 51150 | 0.4200000 | 0.4400000 | 0.10000000 | 0.03000000 | 0.01000000 |\n",
       "| 51160 | 0.6200000 | 0.2200000 | 0.11000000 | 0.04000000 | 0.01000000 |\n",
       "| 51163 | 0.4700000 | 0.3900000 | 0.11000000 | 0.03000000 | 0.00000000 |\n",
       "| 51167 | 0.6200000 | 0.2700000 | 0.08000000 | 0.02000000 | 0.01000000 |\n",
       "| 51169 | 0.4700000 | 0.4200000 | 0.07000000 | 0.03000000 | 0.01000000 |\n",
       "| 51170 | 0.4554455 | 0.4257426 | 0.06930693 | 0.03960396 | 0.00990099 |\n",
       "| 51172 | 0.5500000 | 0.3100000 | 0.09000000 | 0.05000000 | 0.00000000 |\n",
       "| 51173 | 0.5600000 | 0.3100000 | 0.09000000 | 0.03000000 | 0.01000000 |\n",
       "| 51180 | 0.5000000 | 0.3500000 | 0.10000000 | 0.05000000 | 0.00000000 |\n",
       "| 51183 | 0.5100000 | 0.3700000 | 0.09000000 | 0.03000000 | 0.00000000 |\n",
       "| 51186 | 0.4000000 | 0.5000000 | 0.06000000 | 0.03000000 | 0.01000000 |\n",
       "| 51192 | 0.5000000 | 0.4000000 | 0.07000000 | 0.02000000 | 0.01000000 |\n",
       "| 51195 | 0.4646465 | 0.3939394 | 0.09090909 | 0.05050505 | 0.00000000 |\n",
       "| 51198 | 0.6500000 | 0.2600000 | 0.06000000 | 0.02000000 | 0.01000000 |\n",
       "| 51201 | 0.5656566 | 0.3535354 | 0.05050505 | 0.03030303 | 0.00000000 |\n",
       "| 51202 | 0.4257426 | 0.4455446 | 0.08910891 | 0.02970297 | 0.00990099 |\n",
       "| 51204 | 0.4600000 | 0.4400000 | 0.08000000 | 0.01000000 | 0.01000000 |\n",
       "| 51209 | 0.5000000 | 0.3700000 | 0.10000000 | 0.03000000 | 0.00000000 |\n",
       "| 51210 | 0.4100000 | 0.4900000 | 0.07000000 | 0.02000000 | 0.01000000 |\n",
       "| 51217 | 0.5100000 | 0.4000000 | 0.06000000 | 0.03000000 | 0.00000000 |\n",
       "| 51222 | 0.5050505 | 0.3636364 | 0.09090909 | 0.03030303 | 0.01010101 |\n",
       "| 51230 | 0.6200000 | 0.2900000 | 0.06000000 | 0.02000000 | 0.01000000 |\n",
       "| 51236 | 0.4900000 | 0.3600000 | 0.09000000 | 0.05000000 | 0.01000000 |\n",
       "| 51239 | 0.6100000 | 0.2600000 | 0.08000000 | 0.04000000 | 0.01000000 |\n",
       "| 51254 | 0.6060606 | 0.2929293 | 0.08080808 | 0.02020202 | 0.00000000 |\n",
       "| 51274 | 0.4851485 | 0.3663366 | 0.08910891 | 0.03960396 | 0.01980198 |\n",
       "| 51278 | 0.5247525 | 0.3564356 | 0.07920792 | 0.02970297 | 0.00990099 |\n",
       "| 51282 | 0.6138614 | 0.2574257 | 0.07920792 | 0.03960396 | 0.00990099 |\n",
       "| ⋮ | ⋮ | ⋮ | ⋮ | ⋮ | ⋮ |\n",
       "| 83317 | 0.6428571 | 0.2571429 | 0.07142857 | 0.02857143 | 0.00000000 |\n",
       "| 83320 | 0.5000000 | 0.3076923 | 0.09615385 | 0.01923077 | 0.07692308 |\n",
       "| 83323 | 0.5161290 | 0.3548387 | 0.06451613 | 0.06451613 | 0.00000000 |\n",
       "| 83324 | 0.5113636 | 0.3977273 | 0.05681818 | 0.02272727 | 0.01136364 |\n",
       "| 83327 | 0.6288660 | 0.2783505 | 0.07216495 | 0.02061856 | 0.00000000 |\n",
       "| 83328 | 0.5303030 | 0.3484848 | 0.09090909 | 0.03030303 | 0.00000000 |\n",
       "| 83330 | 0.5573770 | 0.2786885 | 0.09836066 | 0.03278689 | 0.03278689 |\n",
       "| 83333 | 0.3518519 | 0.4629630 | 0.12962963 | 0.05555556 | 0.00000000 |\n",
       "| 83335 | 0.3888889 | 0.4861111 | 0.08333333 | 0.04166667 | 0.00000000 |\n",
       "| 83337 | 0.4897959 | 0.4081633 | 0.08163265 | 0.02040816 | 0.00000000 |\n",
       "| 83339 | 0.5466667 | 0.2933333 | 0.05333333 | 0.10666667 | 0.00000000 |\n",
       "| 83341 | 0.4561404 | 0.3859649 | 0.05263158 | 0.05263158 | 0.05263158 |\n",
       "| 83343 | 0.4833333 | 0.3666667 | 0.10000000 | 0.05000000 | 0.00000000 |\n",
       "| 83345 | 0.5500000 | 0.3166667 | 0.10000000 | 0.03333333 | 0.00000000 |\n",
       "| 83347 | 0.5192308 | 0.3653846 | 0.09615385 | 0.01923077 | 0.00000000 |\n",
       "| 83349 | 0.5098039 | 0.3529412 | 0.09803922 | 0.03921569 | 0.00000000 |\n",
       "| 83351 | 0.6093750 | 0.2968750 | 0.09375000 | 0.00000000 | 0.00000000 |\n",
       "| 83353 | 0.4464286 | 0.4107143 | 0.08928571 | 0.03571429 | 0.01785714 |\n",
       "| 83356 | 0.5492958 | 0.3098592 | 0.08450704 | 0.05633803 | 0.00000000 |\n",
       "| 83358 | 0.3866667 | 0.4800000 | 0.10666667 | 0.02666667 | 0.00000000 |\n",
       "| 83361 | 0.3225806 | 0.4838710 | 0.12903226 | 0.06451613 | 0.00000000 |\n",
       "| 83362 | 0.4457831 | 0.4096386 | 0.09638554 | 0.03614458 | 0.01204819 |\n",
       "| 83365 | 0.6597938 | 0.2680412 | 0.05154639 | 0.02061856 | 0.00000000 |\n",
       "| 83367 | 0.6153846 | 0.2692308 | 0.05769231 | 0.01923077 | 0.03846154 |\n",
       "| 83369 | 0.6136364 | 0.2500000 | 0.10227273 | 0.03409091 | 0.00000000 |\n",
       "| 83372 | 0.4651163 | 0.3488372 | 0.09302326 | 0.06976744 | 0.02325581 |\n",
       "| 83374 | 0.5111111 | 0.3555556 | 0.08888889 | 0.04444444 | 0.00000000 |\n",
       "| 83377 | 0.5645161 | 0.3225806 | 0.08064516 | 0.03225806 | 0.00000000 |\n",
       "| 83381 | 0.6060606 | 0.2878788 | 0.09090909 | 0.01515152 | 0.00000000 |\n",
       "| 83386 | 0.5000000 | 0.3714286 | 0.10000000 | 0.02857143 | 0.00000000 |\n",
       "\n"
      ],
      "text/plain": [
       "      neutn     lympn     monon      eosn       bason     \n",
       "51143 0.5858586 0.3030303 0.06060606 0.04040404 0.01010101\n",
       "51146 0.7700000 0.1300000 0.09000000 0.01000000 0.00000000\n",
       "51150 0.4200000 0.4400000 0.10000000 0.03000000 0.01000000\n",
       "51160 0.6200000 0.2200000 0.11000000 0.04000000 0.01000000\n",
       "51163 0.4700000 0.3900000 0.11000000 0.03000000 0.00000000\n",
       "51167 0.6200000 0.2700000 0.08000000 0.02000000 0.01000000\n",
       "51169 0.4700000 0.4200000 0.07000000 0.03000000 0.01000000\n",
       "51170 0.4554455 0.4257426 0.06930693 0.03960396 0.00990099\n",
       "51172 0.5500000 0.3100000 0.09000000 0.05000000 0.00000000\n",
       "51173 0.5600000 0.3100000 0.09000000 0.03000000 0.01000000\n",
       "51180 0.5000000 0.3500000 0.10000000 0.05000000 0.00000000\n",
       "51183 0.5100000 0.3700000 0.09000000 0.03000000 0.00000000\n",
       "51186 0.4000000 0.5000000 0.06000000 0.03000000 0.01000000\n",
       "51192 0.5000000 0.4000000 0.07000000 0.02000000 0.01000000\n",
       "51195 0.4646465 0.3939394 0.09090909 0.05050505 0.00000000\n",
       "51198 0.6500000 0.2600000 0.06000000 0.02000000 0.01000000\n",
       "51201 0.5656566 0.3535354 0.05050505 0.03030303 0.00000000\n",
       "51202 0.4257426 0.4455446 0.08910891 0.02970297 0.00990099\n",
       "51204 0.4600000 0.4400000 0.08000000 0.01000000 0.01000000\n",
       "51209 0.5000000 0.3700000 0.10000000 0.03000000 0.00000000\n",
       "51210 0.4100000 0.4900000 0.07000000 0.02000000 0.01000000\n",
       "51217 0.5100000 0.4000000 0.06000000 0.03000000 0.00000000\n",
       "51222 0.5050505 0.3636364 0.09090909 0.03030303 0.01010101\n",
       "51230 0.6200000 0.2900000 0.06000000 0.02000000 0.01000000\n",
       "51236 0.4900000 0.3600000 0.09000000 0.05000000 0.01000000\n",
       "51239 0.6100000 0.2600000 0.08000000 0.04000000 0.01000000\n",
       "51254 0.6060606 0.2929293 0.08080808 0.02020202 0.00000000\n",
       "51274 0.4851485 0.3663366 0.08910891 0.03960396 0.01980198\n",
       "51278 0.5247525 0.3564356 0.07920792 0.02970297 0.00990099\n",
       "51282 0.6138614 0.2574257 0.07920792 0.03960396 0.00990099\n",
       "⋮     ⋮         ⋮         ⋮          ⋮          ⋮         \n",
       "83317 0.6428571 0.2571429 0.07142857 0.02857143 0.00000000\n",
       "83320 0.5000000 0.3076923 0.09615385 0.01923077 0.07692308\n",
       "83323 0.5161290 0.3548387 0.06451613 0.06451613 0.00000000\n",
       "83324 0.5113636 0.3977273 0.05681818 0.02272727 0.01136364\n",
       "83327 0.6288660 0.2783505 0.07216495 0.02061856 0.00000000\n",
       "83328 0.5303030 0.3484848 0.09090909 0.03030303 0.00000000\n",
       "83330 0.5573770 0.2786885 0.09836066 0.03278689 0.03278689\n",
       "83333 0.3518519 0.4629630 0.12962963 0.05555556 0.00000000\n",
       "83335 0.3888889 0.4861111 0.08333333 0.04166667 0.00000000\n",
       "83337 0.4897959 0.4081633 0.08163265 0.02040816 0.00000000\n",
       "83339 0.5466667 0.2933333 0.05333333 0.10666667 0.00000000\n",
       "83341 0.4561404 0.3859649 0.05263158 0.05263158 0.05263158\n",
       "83343 0.4833333 0.3666667 0.10000000 0.05000000 0.00000000\n",
       "83345 0.5500000 0.3166667 0.10000000 0.03333333 0.00000000\n",
       "83347 0.5192308 0.3653846 0.09615385 0.01923077 0.00000000\n",
       "83349 0.5098039 0.3529412 0.09803922 0.03921569 0.00000000\n",
       "83351 0.6093750 0.2968750 0.09375000 0.00000000 0.00000000\n",
       "83353 0.4464286 0.4107143 0.08928571 0.03571429 0.01785714\n",
       "83356 0.5492958 0.3098592 0.08450704 0.05633803 0.00000000\n",
       "83358 0.3866667 0.4800000 0.10666667 0.02666667 0.00000000\n",
       "83361 0.3225806 0.4838710 0.12903226 0.06451613 0.00000000\n",
       "83362 0.4457831 0.4096386 0.09638554 0.03614458 0.01204819\n",
       "83365 0.6597938 0.2680412 0.05154639 0.02061856 0.00000000\n",
       "83367 0.6153846 0.2692308 0.05769231 0.01923077 0.03846154\n",
       "83369 0.6136364 0.2500000 0.10227273 0.03409091 0.00000000\n",
       "83372 0.4651163 0.3488372 0.09302326 0.06976744 0.02325581\n",
       "83374 0.5111111 0.3555556 0.08888889 0.04444444 0.00000000\n",
       "83377 0.5645161 0.3225806 0.08064516 0.03225806 0.00000000\n",
       "83381 0.6060606 0.2878788 0.09090909 0.01515152 0.00000000\n",
       "83386 0.5000000 0.3714286 0.10000000 0.02857143 0.00000000"
      ]
     },
     "metadata": {},
     "output_type": "display_data"
    }
   ],
   "source": [
    "prop"
   ]
  },
  {
   "cell_type": "code",
   "execution_count": 6,
   "metadata": {
    "collapsed": true
   },
   "outputs": [
    {
     "ename": "ERROR",
     "evalue": "Error in apply(snps1_$genotype[, 1:1000], 2, function(x) sum(as.integer(x == : object 'snps1_' not found\n",
     "output_type": "error",
     "traceback": [
      "Error in apply(snps1_$genotype[, 1:1000], 2, function(x) sum(as.integer(x == : object 'snps1_' not found\nTraceback:\n",
      "1. as.data.frame(table(apply(snps1_$genotype[, 1:1000], 2, function(x) sum(as.integer(x == \n .     \"00\")))))",
      "2. table(apply(snps1_$genotype[, 1:1000], 2, function(x) sum(as.integer(x == \n .     \"00\"))))",
      "3. apply(snps1_$genotype[, 1:1000], 2, function(x) sum(as.integer(x == \n .     \"00\")))"
     ]
    }
   ],
   "source": [
    "tab = as.data.frame(table(apply(snps1_$genotype[,1:1000],2,function(x) sum(as.integer(x=='00')))))"
   ]
  },
  {
   "cell_type": "code",
   "execution_count": 183,
   "metadata": {
    "collapsed": true
   },
   "outputs": [
    {
     "data": {
